link
https://www.blocket.se/annons/1002893596
https://www.blocket.se/annons/1003042495
https://www.blocket.se/annons/1002379570
https://www.blocket.se/annons/1003110033
https://www.blocket.se/annons/1002867713
https://www.blocket.se/annons/1402229792
https://www.blocket.se/annons/1003128673
https://www.blocket.se/annons/1003130839
https://www.blocket.se/annons/1003056104
https://www.blocket.se/annons/1402298332
https://www.blocket.se/annons/1002722305
https://www.blocket.se/annons/1402431196
https://www.blocket.se/annons/1002815626
https://www.blocket.se/annons/1003132414
https://www.blocket.se/annons/1002446298
https://www.blocket.se/annons/1002946096
https://www.blocket.se/annons/1002481237
https://www.blocket.se/annons/1002615814
https://www.blocket.se/annons/1002878996
https://www.blocket.se/annons/1003083415
https://www.blocket.se/annons/1002777769
https://www.blocket.se/annons/1003130814
https://www.blocket.se/annons/1402429465
https://www.blocket.se/annons/1003130813
https://www.blocket.se/annons/1001946994
https://www.blocket.se/annons/1402429917
https://www.blocket.se/annons/1003130812
https://www.blocket.se/annons/1003013479
https://www.blocket.se/annons/1402428418
https://www.blocket.se/annons/1002492344
https://www.blocket.se/annons/1003130810
https://www.blocket.se/annons/1003130808
https://www.blocket.se/annons/1003130807
https://www.blocket.se/annons/1402429891
https://www.blocket.se/annons/1002642011
https://www.blocket.se/annons/1003130805
https://www.blocket.se/annons/1003130806
https://www.blocket.se/annons/1002792191
https://www.blocket.se/annons/1003130803
https://www.blocket.se/annons/1003130800
https://www.blocket.se/annons/1003037220
https://www.blocket.se/annons/1002175007
https://www.blocket.se/annons/1003130804
https://www.blocket.se/annons/1002713391
https://www.blocket.se/annons/1002868743
https://www.blocket.se/annons/1002208618
https://www.blocket.se/annons/1003130802
https://www.blocket.se/annons/1002940404
https://www.blocket.se/annons/1002832739
https://www.blocket.se/annons/1003130797
https://www.blocket.se/annons/1003130796
https://www.blocket.se/annons/1003130793
https://www.blocket.se/annons/1003130792
https://www.blocket.se/annons/1003129960
https://www.blocket.se/annons/1003130788
https://www.blocket.se/annons/1003028877
https://www.blocket.se/annons/1003130787
https://www.blocket.se/annons/1003078009
https://www.blocket.se/annons/1003130786
https://www.blocket.se/annons/1003130784
https://www.blocket.se/annons/1003039064
https://www.blocket.se/annons/1003057583
https://www.blocket.se/annons/1000099247
https://www.blocket.se/annons/1001643312
https://www.blocket.se/annons/1002610517
https://www.blocket.se/annons/1002610522
https://www.blocket.se/annons/1002743866
https://www.blocket.se/annons/1402270308
https://www.blocket.se/annons/1402392209
https://www.blocket.se/annons/1003023903
https://www.blocket.se/annons/1003023904
https://www.blocket.se/annons/1002053032
https://www.blocket.se/annons/1002473788
https://www.blocket.se/annons/1003052539
https://www.blocket.se/annons/1003065351
https://www.blocket.se/annons/1003038430
https://www.blocket.se/annons/1003088694
https://www.blocket.se/annons/1002864949
https://www.blocket.se/annons/1002991613
https://www.blocket.se/annons/1003038426
https://www.blocket.se/annons/1003065299
https://www.blocket.se/annons/1002911348
https://www.blocket.se/annons/1003038433
https://www.blocket.se/annons/1003071532
https://www.blocket.se/annons/1003038429
https://www.blocket.se/annons/1002809996
https://www.blocket.se/annons/1003071531
https://www.blocket.se/annons/1003107922
https://www.blocket.se/annons/1003088693
https://www.blocket.se/annons/1003077589
https://www.blocket.se/annons/1002992080
https://www.blocket.se/annons/1002536929
https://www.blocket.se/annons/1002962388
https://www.blocket.se/annons/1003016688
https://www.blocket.se/annons/1002614692
https://www.blocket.se/annons/1002799728
https://www.blocket.se/annons/1002085749
https://www.blocket.se/annons/1002301490
https://www.blocket.se/annons/1003020321
https://www.blocket.se/annons/1002021741
