link
https://www.blocket.se/annons/1002947086
https://www.blocket.se/annons/1002673754
https://www.blocket.se/annons/1402289644
https://www.blocket.se/annons/1003110026
https://www.blocket.se/annons/1402319709
https://www.blocket.se/annons/1003004882
https://www.blocket.se/annons/1402322792
https://www.blocket.se/annons/1002789651
https://www.blocket.se/annons/1402395384
https://www.blocket.se/annons/1402360011
https://www.blocket.se/annons/1003087030
https://www.blocket.se/annons/1402428862
https://www.blocket.se/annons/1402365053
https://www.blocket.se/annons/1003115759
https://www.blocket.se/annons/1003076489
https://www.blocket.se/annons/1402271413
https://www.blocket.se/annons/1402274263
https://www.blocket.se/annons/1002865378
https://www.blocket.se/annons/1402314999
https://www.blocket.se/annons/1402373506
https://www.blocket.se/annons/1402426569
https://www.blocket.se/annons/1001487349
https://www.blocket.se/annons/1402426574
https://www.blocket.se/annons/1003118341
https://www.blocket.se/annons/1003118266
https://www.blocket.se/annons/1402426572
https://www.blocket.se/annons/1003124745
https://www.blocket.se/annons/1402336022
https://www.blocket.se/annons/1003124738
https://www.blocket.se/annons/1003124737
https://www.blocket.se/annons/1003124643
https://www.blocket.se/annons/1003124735
https://www.blocket.se/annons/1003124732
https://www.blocket.se/annons/1402418437
https://www.blocket.se/annons/1003124729
https://www.blocket.se/annons/1003124728
https://www.blocket.se/annons/1402426550
https://www.blocket.se/annons/1002823442
https://www.blocket.se/annons/1402373387
https://www.blocket.se/annons/1402426529
https://www.blocket.se/annons/1003049814
https://www.blocket.se/annons/1002388875
https://www.blocket.se/annons/1003124722
https://www.blocket.se/annons/1002980721
https://www.blocket.se/annons/1003124723
https://www.blocket.se/annons/1003124719
https://www.blocket.se/annons/1003124720
https://www.blocket.se/annons/1003000132
https://www.blocket.se/annons/1002794108
https://www.blocket.se/annons/1003124717
https://www.blocket.se/annons/1402426543
https://www.blocket.se/annons/1003012355
https://www.blocket.se/annons/1003124712
https://www.blocket.se/annons/1003124711
https://www.blocket.se/annons/1003124710
https://www.blocket.se/annons/1402358478
https://www.blocket.se/annons/1003124709
https://www.blocket.se/annons/1003027254
https://www.blocket.se/annons/1003103552
https://www.blocket.se/annons/1003124706
https://www.blocket.se/annons/1001929121
https://www.blocket.se/annons/1002653936
https://www.blocket.se/annons/1003065000
https://www.blocket.se/annons/1002608127
https://www.blocket.se/annons/1002705281
https://www.blocket.se/annons/1003129545
https://www.blocket.se/annons/1002851512
https://www.blocket.se/annons/1002921888
https://www.blocket.se/annons/1002921886
https://www.blocket.se/annons/1002921889
https://www.blocket.se/annons/1002978054
https://www.blocket.se/annons/1003103851
https://www.blocket.se/annons/1002451566
https://www.blocket.se/annons/1002446303
https://www.blocket.se/annons/1002204134
https://www.blocket.se/annons/1002451571
https://www.blocket.se/annons/1002441433
https://www.blocket.se/annons/1002441435
https://www.blocket.se/annons/1002896299
https://www.blocket.se/annons/1002674199
https://www.blocket.se/annons/1002096123
https://www.blocket.se/annons/1002096124
https://www.blocket.se/annons/1003040836
https://www.blocket.se/annons/101137836
https://www.blocket.se/annons/1003134036
https://www.blocket.se/annons/1002918940
https://www.blocket.se/annons/1002717175
https://www.blocket.se/annons/1003133509
https://www.blocket.se/annons/1002717177
https://www.blocket.se/annons/1003134037
https://www.blocket.se/annons/1003134039
https://www.blocket.se/annons/1002717180
https://www.blocket.se/annons/1002717181
https://www.blocket.se/annons/1003134041
https://www.blocket.se/annons/1002803227
https://www.blocket.se/annons/1002717182
https://www.blocket.se/annons/1002979254
https://www.blocket.se/annons/1003134042
https://www.blocket.se/annons/1002978809
https://www.blocket.se/annons/1002891250
